(x)*sin(x)
-10 -5.4402111088937 0 
-9.9 -4.52960534837568 0 
-9.8 -3.5914954666689 0 
-9.7 -2.63607807618614 0 
-9.6 -1.6735370997406 0 
-9.5 -0.713935644387188 0 
-9.4 0.232888999261563 2 
-9.3 1.15742613861567 2 
-9.2 2.05058720972228 2 
-9.1 2.9037950973791 2 
-9 3.70906636717581 2 
-8.9 4.45908562247517 2 
-8.8 5.1472712974475 2 
-8.7 5.76783230171499 2 
-8.6 6.31581504171737 2 
-8.5 6.78714045729967 2 
-8.4 7.17863082794156 2 
-8.3 7.48802622017724 2 
-8.2 7.71399056477414 2 
-8.1 7.8561074678452 2 
-8 7.91486597298705 2 
-7.9 7.8916366005342 2 
-7.8 7.78863809392192 2 
-7.7 7.6088954008529 2 
-7.6 7.3561895074393 2 
-7.5 7.03499982581054 2 
-7.4 6.65043990900604 2 
-7.3 6.20818733058852 2 
-7.2 5.7144086197139 2 
-7.1 5.17568018489372 2 
-7 4.59890619103152 2 
-6.9 3.99123437427858 2 
-6.8 3.35997078774254 2 
-6.7 2.71249446813121 2 
-6.6 2.05617299918829 2 
-6.5 1.3982799225708 2 
-6.4 0.745914911043159 2 
-6.3 0.105927573051403 2 
-6.2 -0.515154297468478 0 
-6.1 -1.11119127605978 0 
-6 -1.67649298919356 0 
-5.9 -2.20587232249839 0 
-5.8 -2.69469264059979 0 
-5.7 -3.13890759280653 0 
-5.6 -3.535093172085 0 
-5.5 -3.88047179063716 0 
-5.4 -4.17292823280233 0 
-5.3 -4.41101744378668 0 
-5.2 -4.5939642097448 0 
-5.1 -4.72165487987144 0 
-5 -4.79462137331569 0 
-4.9 -4.81401780185923 0 
-4.8 -4.78159012241203 0 
-4.7 -4.69963931055127 0 
-4.6 -4.57097861671394 0 
-4.5 -4.39888552949294 0 
-4.4 -4.18704912511387 0 
-4.3 -3.93951352802266 0 
-4.2 -3.66061824413707 0 
-4.1 -3.35493615536408 0 
-4 -3.02720998123171 0 
-3.9 -2.6822880208175 0 
-3.8 -2.32505998558233 0 
-3.7 -1.96039372136143 0 
-3.6 -1.59307359586147 0 
-3.5 -1.22774129691367 0 
-3.4 -0.868839746891226 0 
-3.3 -0.520560790672719 0 
-3.2 -0.186797258968256 0 
-3.1 0.128900053543201 2 
-3 0.423360024179602 2 
-2.9 0.693823054720549 2 
-2.8 0.937966820436534 2 
-2.7 1.15392567663134 2 
-2.6 1.34030356673581 2 
-2.5 1.49618036025989 2 
-2.4 1.62111163332276 2 
-2.3 1.71512198800646 2 
-2.2 1.7786920884031 2 
-2.1 1.81273966996263 2 
-2 1.81859485365136 2 
-1.9 1.79797016660609 2 
-1.8 1.75292573558075 2 
-1.7 1.6858301777692 2 
-1.6 1.59931776486641 2 
-1.5 1.49624247990608 2 
-1.4 1.37962962198384 2 
-1.3 1.25262564104235 2 
-1.2 1.11844690316067 2 
-1.1 0.980328096067579 2 
-1 0.841470984807897 2 
-0.9 0.704994218664735 2 
-0.8 0.573884872719618 2 
-0.7 0.450952381066384 2 
-0.6 0.338785484037021 2 
-0.5 0.239712769302102 2 
-0.4 0.15576733692346 2 
-0.3 0.0886560619984019 2 
-0.2 0.0397338661590122 2 
-0.1 0.00998334166468282 2 
0 0 1 
0.1 0.00998334166468282 2 
0.2 0.0397338661590122 2 
0.3 0.0886560619984019 2 
0.4 0.15576733692346 2 
0.5 0.239712769302102 2 
0.6 0.338785484037021 2 
0.7 0.450952381066384 2 
0.8 0.573884872719618 2 
0.9 0.704994218664735 2 
1 0.841470984807897 2 
1.1 0.980328096067579 2 
1.2 1.11844690316067 2 
1.3 1.25262564104235 2 
1.4 1.37962962198384 2 
1.5 1.49624247990608 2 
1.6 1.59931776486641 2 
1.7 1.6858301777692 2 
1.8 1.75292573558075 2 
1.9 1.79797016660609 2 
2 1.81859485365136 2 
2.1 1.81273966996263 2 
2.2 1.7786920884031 2 
2.3 1.71512198800646 2 
2.4 1.62111163332276 2 
2.5 1.49618036025989 2 
2.6 1.34030356673581 2 
2.7 1.15392567663134 2 
2.8 0.937966820436534 2 
2.9 0.693823054720549 2 
3 0.423360024179602 2 
3.1 0.128900053543201 2 
3.2 -0.186797258968256 0 
3.3 -0.520560790672719 0 
3.4 -0.868839746891226 0 
3.5 -1.22774129691367 0 
3.6 -1.59307359586147 0 
3.7 -1.96039372136143 0 
3.8 -2.32505998558233 0 
3.9 -2.6822880208175 0 
4 -3.02720998123171 0 
4.1 -3.35493615536408 0 
4.2 -3.66061824413707 0 
4.3 -3.93951352802266 0 
4.4 -4.18704912511387 0 
4.5 -4.39888552949294 0 
4.6 -4.57097861671394 0 
4.7 -4.69963931055127 0 
4.8 -4.78159012241203 0 
4.9 -4.81401780185923 0 
5 -4.79462137331569 0 
5.1 -4.72165487987144 0 
5.2 -4.5939642097448 0 
5.3 -4.41101744378668 0 
5.4 -4.17292823280233 0 
5.5 -3.88047179063716 0 
5.6 -3.535093172085 0 
5.7 -3.13890759280653 0 
5.8 -2.69469264059979 0 
5.9 -2.20587232249839 0 
6 -1.67649298919356 0 
6.1 -1.11119127605978 0 
6.2 -0.515154297468478 0 
6.3 0.105927573051403 2 
6.4 0.745914911043159 2 
6.5 1.3982799225708 2 
6.6 2.05617299918829 2 
6.7 2.71249446813121 2 
6.8 3.35997078774254 2 
6.9 3.99123437427858 2 
7 4.59890619103152 2 
7.1 5.17568018489372 2 
7.2 5.7144086197139 2 
7.3 6.20818733058852 2 
7.4 6.65043990900604 2 
7.5 7.03499982581054 2 
7.6 7.3561895074393 2 
7.7 7.6088954008529 2 
7.8 7.78863809392192 2 
7.9 7.8916366005342 2 
8 7.91486597298705 2 
8.1 7.8561074678452 2 
8.2 7.71399056477414 2 
8.3 7.48802622017724 2 
8.4 7.17863082794156 2 
8.5 6.78714045729967 2 
8.6 6.31581504171737 2 
8.7 5.76783230171499 2 
8.8 5.1472712974475 2 
8.9 4.45908562247517 2 
9 3.70906636717581 2 
9.1 2.9037950973791 2 
9.2 2.05058720972228 2 
9.3 1.15742613861567 2 
9.4 0.232888999261563 2 
9.5 -0.713935644387188 0 
9.6 -1.6735370997406 0 
9.7 -2.63607807618614 0 
9.8 -3.5914954666689 0 
9.9 -4.52960534837568 0 
10 -5.4402111088937 0 
