3*(x)+5
-100 -295 0 
-99 -292 0 
-98 -289 0 
-97 -286 0 
-96 -283 0 
-95 -280 0 
-94 -277 0 
-93 -274 0 
-92 -271 0 
-91 -268 0 
-90 -265 0 
-89 -262 0 
-88 -259 0 
-87 -256 0 
-86 -253 0 
-85 -250 0 
-84 -247 0 
-83 -244 0 
-82 -241 0 
-81 -238 0 
-80 -235 0 
-79 -232 0 
-78 -229 0 
-77 -226 0 
-76 -223 0 
-75 -220 0 
-74 -217 0 
-73 -214 0 
-72 -211 0 
-71 -208 0 
-70 -205 0 
-69 -202 0 
-68 -199 0 
-67 -196 0 
-66 -193 0 
-65 -190 0 
-64 -187 0 
-63 -184 0 
-62 -181 0 
-61 -178 0 
-60 -175 0 
-59 -172 0 
-58 -169 0 
-57 -166 0 
-56 -163 0 
-55 -160 0 
-54 -157 0 
-53 -154 0 
-52 -151 0 
-51 -148 0 
-50 -145 0 
-49 -142 0 
-48 -139 0 
-47 -136 0 
-46 -133 0 
-45 -130 0 
-44 -127 0 
-43 -124 0 
-42 -121 0 
-41 -118 0 
-40 -115 0 
-39 -112 0 
-38 -109 0 
-37 -106 0 
-36 -103 0 
-35 -100 0 
-34 -97 0 
-33 -94 0 
-32 -91 0 
-31 -88 0 
-30 -85 0 
-29 -82 0 
-28 -79 0 
-27 -76 0 
-26 -73 0 
-25 -70 0 
-24 -67 0 
-23 -64 0 
-22 -61 0 
-21 -58 0 
-20 -55 0 
-19 -52 0 
-18 -49 0 
-17 -46 0 
-16 -43 0 
-15 -40 0 
-14 -37 0 
-13 -34 0 
-12 -31 0 
-11 -28 0 
-10 -25 0 
-9 -22 0 
-8 -19 0 
-7 -16 0 
-6 -13 0 
-5 -10 0 
-4 -7 0 
-3 -4 0 
-2 -1 0 
-1 2 2 
0 5 2 
1 8 2 
2 11 2 
3 14 2 
4 17 2 
5 20 2 
6 23 2 
7 26 2 
8 29 2 
9 32 2 
10 35 2 
11 38 2 
12 41 2 
13 44 2 
14 47 2 
15 50 2 
16 53 2 
17 56 2 
18 59 2 
19 62 2 
20 65 2 
21 68 2 
22 71 2 
23 74 2 
24 77 2 
25 80 2 
26 83 2 
27 86 2 
28 89 2 
29 92 2 
30 95 2 
31 98 2 
32 101 2 
33 104 2 
34 107 2 
35 110 2 
36 113 2 
37 116 2 
38 119 2 
39 122 2 
40 125 2 
41 128 2 
42 131 2 
43 134 2 
44 137 2 
45 140 2 
46 143 2 
47 146 2 
48 149 2 
49 152 2 
50 155 2 
51 158 2 
52 161 2 
53 164 2 
54 167 2 
55 170 2 
56 173 2 
57 176 2 
58 179 2 
59 182 2 
60 185 2 
61 188 2 
62 191 2 
63 194 2 
64 197 2 
65 200 2 
66 203 2 
67 206 2 
68 209 2 
69 212 2 
70 215 2 
71 218 2 
72 221 2 
73 224 2 
74 227 2 
75 230 2 
76 233 2 
77 236 2 
78 239 2 
79 242 2 
80 245 2 
81 248 2 
82 251 2 
83 254 2 
84 257 2 
85 260 2 
86 263 2 
87 266 2 
88 269 2 
89 272 2 
90 275 2 
91 278 2 
92 281 2 
93 284 2 
94 287 2 
95 290 2 
96 293 2 
97 296 2 
98 299 2 
99 302 2 
100 305 2 
