3*(x)+5
46 143 2 
-70 -205 0 
94 287 2 
50 155 2 
9 32 2 
67 206 2 
-24 -67 0 
88 269 2 
24 77 2 
-67 -196 0 
-45 -130 0 
48 149 2 
85 260 2 
-99 -292 0 
-8 -19 0 
2 11 2 
62 191 2 
-18 -49 0 
-100 -295 0 
74 227 2 
-58 -169 0 
-27 -76 0 
17 56 2 
76 233 2 
-10 -25 0 
87 266 2 
-93 -274 0 
14 47 2 
0 5 2 
-22 -61 0 
-7 -16 0 
13 44 2 
-4 -7 0 
-1 2 2 
-32 -91 0 
-89 -262 0 
82 251 2 
-72 -211 0 
5 20 2 
-31 -88 0 
-92 -271 0 
58 179 2 
-74 -217 0 
38 119 2 
-53 -154 0 
90 275 2 
-75 -220 0 
65 200 2 
4 17 2 
57 176 2 
-81 -238 0 
81 248 2 
-26 -73 0 
34 107 2 
78 239 2 
-46 -133 0 
-28 -79 0 
-66 -193 0 
-52 -151 0 
-30 -85 0 
-82 -241 0 
22 71 2 
66 203 2 
69 212 2 
16 53 2 
-23 -64 0 
-51 -148 0 
-13 -34 0 
18 59 2 
-47 -136 0 
-11 -28 0 
-33 -94 0 
49 152 2 
93 284 2 
42 131 2 
92 281 2 
40 125 2 
59 182 2 
71 218 2 
54 167 2 
-97 -286 0 
77 236 2 
99 302 2 
30 95 2 
89 272 2 
-73 -214 0 
3 14 2 
-80 -235 0 
51 158 2 
-19 -52 0 
-12 -31 0 
-49 -142 0 
-83 -244 0 
63 194 2 
-68 -199 0 
98 299 2 
-88 -259 0 
-86 -253 0 
-16 -43 0 
-5 -10 0 
-38 -109 0 
53 164 2 
64 197 2 
32 101 2 
-2 -1 0 
39 122 2 
47 146 2 
-50 -145 0 
79 242 2 
-9 -22 0 
41 128 2 
-29 -82 0 
95 290 2 
-71 -208 0 
37 116 2 
23 74 2 
-96 -283 0 
-76 -223 0 
-21 -58 0 
19 62 2 
-15 -40 0 
7 26 2 
-65 -190 0 
84 257 2 
-78 -229 0 
100 305 2 
-98 -289 0 
28 89 2 
-61 -178 0 
10 35 2 
-55 -160 0 
-25 -70 0 
-94 -277 0 
86 263 2 
96 293 2 
21 68 2 
6 23 2 
-69 -202 0 
44 137 2 
56 173 2 
