sin(x)
-30 0.988031624092862 2 
-29 0.663633884212968 2 
-28 -0.270905788307869 0 
-27 -0.956375928404503 0 
-26 -0.762558450479603 0 
-25 0.132351750097773 2 
-24 0.905578362006624 2 
-23 0.846220404175171 2 
-22 0.00885130929040388 2 
-21 -0.836655638536056 0 
-20 -0.912945250727628 0 
-19 -0.149877209662952 0 
-18 0.750987246771676 2 
-17 0.961397491879557 2 
-16 0.287903316665065 2 
-15 -0.650287840157117 0 
-14 -0.99060735569487 0 
-13 -0.420167036826641 0 
-12 0.536572918000435 2 
-11 0.999990206550703 2 
-10 0.54402111088937 2 
-9 -0.412118485241757 0 
-8 -0.989358246623382 0 
-7 -0.656986598718789 0 
-6 0.279415498198926 2 
-5 0.958924274663138 2 
-4 0.756802495307928 2 
-3 -0.141120008059867 0 
-2 -0.909297426825682 0 
-1 -0.841470984807897 0 
0 0 1 
1 0.841470984807897 2 
2 0.909297426825682 2 
3 0.141120008059867 2 
4 -0.756802495307928 0 
5 -0.958924274663138 0 
6 -0.279415498198926 0 
7 0.656986598718789 2 
8 0.989358246623382 2 
9 0.412118485241757 2 
10 -0.54402111088937 0 
11 -0.999990206550703 0 
12 -0.536572918000435 0 
13 0.420167036826641 2 
14 0.99060735569487 2 
15 0.650287840157117 2 
16 -0.287903316665065 0 
17 -0.961397491879557 0 
18 -0.750987246771676 0 
19 0.149877209662952 2 
20 0.912945250727628 2 
21 0.836655638536056 2 
22 -0.00885130929040388 0 
23 -0.846220404175171 0 
24 -0.905578362006624 0 
25 -0.132351750097773 0 
26 0.762558450479603 2 
27 0.956375928404503 2 
28 0.270905788307869 2 
29 -0.663633884212968 0 
30 -0.988031624092862 0 
