2.1 1.81273966996263 1 
5.1 -4.72165487987144 3 
3.2 -0.186797258968256 2 
-9.7 -2.63607807618614 2 
-9.5 -0.713935644387188 2 
-5.7 -3.13890759280653 3 
0 0 1 
1.7 1.6858301777692 1 
-1.5 1.49624247990608 1 
0.9 0.704994218664735 1 
-2.5 1.49618036025989 1 
4.3 -3.93951352802266 3 
-8.8 5.1472712974475 0 
-6.8 3.35997078774254 1 
-1.9 1.79797016660609 1 
-9.2 2.05058720972228 1 
-4.8 -4.78159012241203 3 
-5.9 -2.20587232249839 2 
0.4 0.15576733692346 1 
-1 0.841470984807897 1 
-8.1 7.8561074678452 0 
-9.9 -4.52960534837568 3 
0.8 0.573884872719618 1 
-3.5 -1.22774129691367 2 
-4.6 -4.57097861671394 3 
-1.1 0.980328096067579 1 
-6.5 1.3982799225708 1 
7.5 7.03499982581054 0 
-5.2 -4.5939642097448 3 
-7.2 5.7144086197139 0 
4.8 -4.78159012241203 3 
-7 4.59890619103152 1 
-9.1 2.9037950973791 1 
4.6 -4.57097861671394 3 
0.1 0.00998334166468282 1 
-6.2 -0.515154297468478 2 
-3.1 0.128900053543201 1 
7.7 7.6088954008529 0 
-3.2 -0.186797258968256 2 
2.6 1.34030356673581 1 
-0.7 0.450952381066384 1 
0.5 0.239712769302102 1 
-1.2 1.11844690316067 1 
-2 1.81859485365136 1 
2 1.81859485365136 1 
-7.8 7.78863809392192 0 
1.4 1.37962962198384 1 
-6.9 3.99123437427858 1 
4.1 -3.35493615536408 3 
3.8 -2.32505998558233 2 
-7.7 7.6088954008529 0 
-2.3 1.71512198800646 1 
-5.8 -2.69469264059979 2 
4.7 -4.69963931055127 3 
5.8 -2.69469264059979 2 
-5.3 -4.41101744378668 3 
7.6 7.3561895074393 0 
-8.4 7.17863082794156 0 
7.4 6.65043990900604 0 
-7.5 7.03499982581054 0 
-9.6 -1.6735370997406 2 
3.9 -2.6822880208175 2 
-0.2 0.0397338661590122 1 
-7.3 6.20818733058852 0 
-4.3 -3.93951352802266 3 
4.2 -3.66061824413707 3 
-3.4 -0.868839746891226 2 
-6 -1.67649298919356 2 
-9 3.70906636717581 1 
-7.9 7.8916366005342 0 
7.3 6.20818733058852 0 
1.9 1.79797016660609 1 
4.4 -4.18704912511387 3 
-3.9 -2.6822880208175 2 
-0.6 0.338785484037021 1 
-0.1 0.00998334166468282 1 
-6.7 2.71249446813121 1 
1.5 1.49624247990608 1 
3.5 -1.22774129691367 2 
7.1 5.17568018489372 0 
-0.4 0.15576733692346 1 
-5.1 -4.72165487987144 3 
-6.6 2.05617299918829 1 
8 7.91486597298705 0 
1.2 1.11844690316067 1 
-4.1 -3.35493615536408 3 
7.2 5.7144086197139 0 
2.5 1.49618036025989 1 
-9.3 1.15742613861567 1 
-1.8 1.75292573558075 1 
-10 -5.4402111088937 4 
-3.7 -1.96039372136143 2 
-4 -3.02720998123171 3 
3.6 -1.59307359586147 2 
2.2 1.7786920884031 1 
1.1 0.980328096067579 1 
-4.4 -4.18704912511387 3 
-0.8 0.573884872719618 1 
-2.4 1.62111163332276 1 
3.3 -0.520560790672719 2 
-8.9 4.45908562247517 1 
-8.2 7.71399056477414 0 
-4.2 -3.66061824413707 3 
0.7 0.450952381066384 1 
-7.1 5.17568018489372 0 
-3.6 -1.59307359586147 2 
-2.2 1.7786920884031 1 
-3.3 -0.520560790672719 2 
-5.4 -4.17292823280233 3 
7.9 7.8916366005342 0 
4 -3.02720998123171 3 
4.9 -4.81401780185923 3 
-8.6 6.31581504171737 0 
-9.4 0.232888999261563 1 
-5.6 -3.535093172085 3 
-8 7.91486597298705 0 
-9.8 -3.5914954666689 3 
-6.4 0.745914911043159 1 
7.8 7.78863809392192 0 
-5.5 -3.88047179063716 3 
1.6 1.59931776486641 1 
-4.5 -4.39888552949294 3 
-1.6 1.59931776486641 1 
2.4 1.62111163332276 1 
-3 0.423360024179602 1 
-6.3 0.105927573051403 1 
-8.5 6.78714045729967 0 
-0.3 0.0886560619984019 1 
-7.4 6.65043990900604 0 
0.6 0.338785484037021 1 
1.8 1.75292573558075 1 
-4.7 -4.69963931055127 3 
-0.9 0.704994218664735 1 
4.5 -4.39888552949294 3 
-1.4 1.37962962198384 1 
-6.1 -1.11119127605978 2 
1 0.841470984807897 1 
2.3 1.71512198800646 1 
-2.9 0.693823054720549 1 
0.3 0.0886560619984019 1 
-7.6 7.3561895074393 0 
-5 -4.79462137331569 3 
0.2 0.0397338661590122 1 
3.7 -1.96039372136143 2 
-2.7 1.15392567663134 1 
5 -4.79462137331569 3 
1.3 1.25262564104235 1 
3.4 -0.868839746891226 2 
-1.7 1.6858301777692 1 
-1.3 1.25262564104235 1 
-8.7 5.76783230171499 0 
-0.5 0.239712769302102 1 
-8.3 7.48802622017724 0 
-2.1 1.81273966996263 1 
-4.9 -4.81401780185923 3 
-3.8 -2.32505998558233 2 
-2.6 1.34030356673581 1 
-2.8 0.937966820436534 1 
