(x)*sin(y)
-10 -20 9.12945250727628 2 
-9.9 -19.8 8.05537000132034 2 
-9.8 -19.6 6.68324347666773 2 
-9.7 -19.4 5.07373792202965 2 
-9.6 -19.2 3.295823316671 2 
-9.5 -19 1.42383349179805 2 
-9.4 -18.8 -0.465635024256654 0 
-9.3 -18.6 -2.29685505415057 0 
-9.2 -18.4 -3.99800372306145 0 
-9.1 -18.2 -5.50397868389719 0 
-9 -18 -6.75888522094508 0 
-8.9 -17.8 -7.71809939742167 0 
-8.8 -17.6 -8.34983158167949 0 
-8.7 -17.4 -8.63613661009451 0 
-8.6 -17.2 -8.57334056795774 0 
-8.5 -17 -8.17187868097624 0 
-8.4 -16.8 -7.45556308208465 0 
-8.3 -16.6 -6.46032225183468 0 
-8.2 -16.4 -5.23247479525318 0 
-8.1 -16.2 -3.82661808982758 0 
-8 -16 -2.30322653332053 0 
-7.9 -15.8 -0.726064116798686 0 
-7.8 -15.6 0.840478487935665 2 
-7.7 -15.4 2.33401134694191 2 
-7.6 -15.2 3.69663003528888 2 
-7.5 -15 4.87715880117838 2 
-7.4 -14.8 5.83306529857735 2 
-7.3 -14.6 6.53197555662569 2 
-7.2 -14.4 6.95273599115481 2 
-7.1 -14.2 7.08598923428618 2 
-7 -14 6.9342514898641 2 
-6.9 -13.8 6.51150011916433 2 
-6.8 -13.6 5.84230034102418 2 
-6.7 -13.4 4.96051846268141 2 
-6.6 -13.2 3.90768519706768 2 
-6.5 -13 2.73108573937317 2 
-6.4 -12.8 1.48166288064985 2 
-6.3 -12.6 0.211825197493162 2 
-6.2 -12.4 -1.02674588777952 0 
-6.1 -12.2 -2.18519862164466 0 
-6 -12 -3.21943750800261 0 
-5.9 -11.8 -4.09179800018503 0 
-5.8 -11.6 -4.77240585081852 0 
-5.7 -11.4 -5.24017259628867 0 
-5.6 -11.2 -5.4833952832474 0 
-5.5 -11 -5.49994613602889 0 
-5.4 -10.8 -5.29705564235907 0 
-5.3 -10.6 -4.89070973454789 0 
-5.2 -10.4 -4.30469763924542 0 
-5.1 -10.2 -3.56936090672708 0 
-5 -10 -2.72010555444686 0 
-4.9 -9.8 -1.79574773333463 0 
-4.8 -9.6 -0.836768549870499 0 
-4.7 -9.4 0.116444499630598 2 
-4.6 -9.2 1.02529360486096 2 
-4.5 -9 1.85453318358775 2 
-4.4 -8.8 2.57363564872362 2 
-4.3 -8.6 3.15790752085858 2 
-4.2 -8.4 3.58931541397071 2 
-4.1 -8.2 3.85699528238703 2 
-4 -8 3.95743298649352 2 
-3.9 -7.8 3.89431904696099 2 
-3.8 -7.6 3.67809475371971 2 
-3.7 -7.4 3.3252199545031 2 
-3.6 -7.2 2.85720430985705 2 
-3.5 -7 2.29945309551588 2 
-3.4 -6.8 1.6799853938714 2 
-3.3 -6.6 1.02808649959428 2 
-3.2 -6.4 0.372957455521709 2 
-3.1 -6.2 -0.257577148734117 0 
-3 -6 -0.838246494596668 0 
-2.9 -5.8 -1.3473463202998 0 
-2.8 -5.6 -1.76754658604243 0 
-2.7 -5.4 -2.08646411640111 0 
-2.6 -5.2 -2.29698210487237 0 
-2.5 -5 -2.39731068665784 0 
-2.4 -4.8 -2.39079506120603 0 
-2.3 -4.6 -2.285489308357 0 
-2.2 -4.4 -2.09352456255698 0 
-2.1 -4.2 -1.83030912206859 0 
-2 -4 -1.51360499061592 0 
-1.9 -3.8 -1.16252999279124 0 
-1.8 -3.6 -0.796536797930808 0 
-1.7 -3.4 -0.434419873445684 0 
-1.6 -3.2 -0.0933986294841931 0 
-1.5 -3 0.211680012089744 2 
-1.4 -2.8 0.468983410218221 2 
-1.3 -2.6 0.670151783367869 2 
-1.2 -2.4 0.810555816661359 2 
-1.1 -2.2 0.889346044201539 2 
-1 -2 0.909297426825683 2 
-0.9 -1.8 0.876462867790386 2 
-0.8 -1.6 0.799658882433222 2 
-0.7 -1.4 0.689814810991946 2 
-0.6 -1.2 0.559223451580362 2 
-0.5 -1 0.420735492403975 2 
-0.4 -0.8 0.286942436359833 2 
-0.3 -0.6 0.169392742018531 2 
-0.2 -0.4 0.0778836684617445 2 
-0.1 -0.2 0.0198669330795136 2 
0 0 7.06167636384846E-28 2 
0.1 0.2 0.0198669330794987 2 
0.2 0.4 0.0778836684617157 2 
0.3 0.6 0.16939274201849 2 
0.4 0.8 0.286942436359785 2 
0.5 1 0.420735492403922 2 
0.6 1.2 0.559223451580309 2 
0.7 1.4 0.689814810991899 2 
0.8 1.6 0.799658882433186 2 
0.9 1.8 0.876462867790365 2 
1 2 0.909297426825681 2 
1.1 2.2 0.889346044201559 2 
1.2 2.4 0.810555816661403 2 
1.3 2.6 0.670151783367938 2 
1.4 2.8 0.468983410218313 2 
1.5 3 0.211680012089857 2 
1.6 3.2 -0.0933986294840631 0 
1.7 3.4 -0.434419873445542 0 
1.8 3.6 -0.796536797930661 0 
1.9 3.8 -1.16252999279109 0 
2 4 -1.51360499061579 0 
2.1 4.2 -1.83030912206848 0 
2.2 4.4 -2.09352456255689 0 
2.3 4.6 -2.28548930835694 0 
2.4 4.8 -2.39079506120601 0 
2.5 5 -2.39731068665786 0 
2.6 5.2 -2.29698210487243 0 
2.7 5.4 -2.08646411640122 0 
2.8 5.6 -1.76754658604255 0 
2.9 5.8 -1.34734632029996 0 
3 6 -0.838246494596859 0 
3.1 6.2 -0.25757714873433 0 
3.2 6.4 0.372957455521481 2 
3.3 6.6 1.02808649959405 2 
3.4 6.8 1.67998539387117 2 
3.5 7 2.29945309551567 2 
3.6 7.2 2.85720430985687 2 
3.7 7.4 3.32521995450295 2 
3.8 7.6 3.6780947537196 2 
3.9 7.8 3.89431904696093 2 
4 8 3.95743298649352 2 
4.1 8.2 3.85699528238709 2 
4.2 8.4 3.58931541397083 2 
4.3 8.6 3.15790752085876 2 
4.4 8.8 2.57363564872385 2 
4.5 9 1.85453318358806 2 
4.6 9.2 1.02529360486131 2 
4.7 9.4 0.116444499630973 2 
4.8 9.6 -0.836768549870114 0 
4.9 9.8 -1.79574773333426 0 
5 10 -2.72010555444667 0 
5.1 10.2 -3.56936090672705 0 
5.2 10.4 -4.30469763924538 0 
5.3 10.6 -4.89070973454786 0 
5.4 10.8 -5.29705564235903 0 
5.5 11 -5.49994613602885 0 
5.6 11.2 -5.48339528324736 0 
5.7 11.4 -5.24017259628863 0 
5.8 11.6 -4.77240585081849 0 
5.9 11.8 -4.09179800018501 0 
6 12 -3.2194375080026 0 
6.1 12.2 -2.18519862164465 0 
6.2 12.4 -1.02674588777952 0 
6.3 12.6 0.211825197493161 2 
6.4 12.8 1.48166288064984 2 
6.5 13 2.73108573937316 2 
6.6 13.2 3.90768519706713 2 
6.7 13.4 4.96051846268094 2 
6.8 13.6 5.8423003410238 2 
6.9 13.8 6.51150011916406 2 
7 14 6.93425148986397 2 
7.1 14.2 7.08598923428618 2 
7.2 14.4 6.95273599115496 2 
7.3 14.6 6.53197555662598 2 
7.4 14.8 5.83306529857778 2 
7.5 15 4.87715880117892 2 
7.6 15.2 3.69663003528952 2 
7.7 15.4 2.33401134694263 2 
7.8 15.6 0.840478487936432 2 
7.9 15.8 -0.726064116797886 0 
8 16 -2.30322653331975 0 
8.1 16.2 -3.82661808982685 0 
8.2 16.4 -5.23247479525252 0 
8.3 16.6 -6.46032225183412 0 
8.4 16.8 -7.45556308208423 0 
8.5 17 -8.17187868097597 0 
8.6 17.2 -8.57334056795763 0 
8.7 17.4 -8.63613661009458 0 
8.8 17.6 -8.34983158167975 0 
8.9 17.8 -7.71809939742209 0 
9 18 -6.75888522094565 0 
9.1 18.2 -5.50397868389789 0 
9.2 18.4 -3.99800372306226 0 
9.3 18.6 -2.2968550541515 0 
9.4 18.8 -0.465635024257586 0 
9.5 19 1.42383349179711 2 
9.6 19.2 3.29582331667009 2 
9.7 19.4 5.07373792202881 2 
9.8 19.6 6.68324347666696 2 
9.9 19.8 8.05537000131974 2 
10 20 9.12945250727583 2 
